siz:013;109
doors:
1. maps/2 012;003 006;003
1. maps/2 012;004 006;004
1. maps/2 012;005 006;005
1. maps/2 012;006 006;006
1. maps/2 012;007 006;007
2. maps/2 012;010 006;010
2. maps/2 012;011 006;011
2. maps/2 012;012 006;012
2. maps/2 012;013 006;013
2. maps/2 012;014 006;014
2. maps/2 012;015 006;015
2. maps/2 012;017 006;017
3. maps/2 012;021 006;021
3. maps/2 012;022 006;022
3. maps/2 012;023 006;023
3. maps/2 012;024 006;024
3. maps/2 012;025 006;025
3. maps/2 012;026 006;026
4. maps/2 012;082 006;082
4. maps/2 012;083 006;083
4. maps/2 012;084 006;084
4. maps/2 012;085 006;085
4. maps/2 012;086 006;086
5. maps/2 012;093 006;093
5. maps/2 012;094 006;094
5. maps/2 012;095 006;095
5. maps/2 012;096 006;096
5. maps/2 012;097 006;097
5. maps/2 012;098 006;098
6. maps/2 012;101 006;101
6. maps/2 012;102 006;102
6. maps/2 012;103 006;103
6. maps/2 012;104 006;104
6. maps/2 012;105 006;105
6. maps/2 012;106 006;106

Shadier Hallway
0         1         2         3         4         5         6         7         8         9         0
0123456789012345678901234567890123456789012345678901234567890123456789012345678901234567890123456789012345678
                                               ooooooooooooooo                                               
                                             ooo#############ooo                                             
                                            oo#################oo                                            
                                           oo########ooo########oo                                           
         ooooooooooooooooooooooooooooooooooo#########ooo#########ooooooooooooooooooooooooooooooooooo         
         oo#######oo#######oo######oo#####oo#####################oo#####oo######oo#######oo#####o##o         
         o#############o###########################################################################o         
ooooooooooo########################################################################################oooooooooo
o#######oo########oo################################o####################################oo########oo###oo##o
o#################oo######oooooooooooooooooooooooooooooooooooooooooooooooooooooooo#######oo#o############o##o
o##########################o                                                     o##########################o
o##########################o                                                     o##########################o
oooDDDDDooDDDDDDoDoooDDDDDDo                                                     oDDDDDooooooDDDDDDooDDDDDDoo
